94146618
94145440
94522259
94498078
93855159
94515398
94465456
94354131
93862532
94498081
94498085
93894041
94145346
94500688
93856057
94498099
93855502
93857427
94498115
94429111
94430150
94463996
93856062
94395205
94148509
94105017
94105034
93854364
93861202
94467038
93862538
94354426
94106426
93855171
93855756
93855780
94145343
93624169
93854664
93855471
94148722
94109634
94109637
94110131
94413616
94148185
94354432
94467043
94429108
94354428
94431484
93565305
93857445
94112829
94108978
94148720
94456248
94109644
94456784
94428427
94148998
94456254
94456321
94456278
94395213
94395215
94109510
94340643
94109578
94395236
94459126
94492731
94483922
94515472
94515423
94354436
94465470
94112838
94395218
94515395
94395231
94112403
94463953
94459155
94371497
